100
2 1
100 20
200 10
2 2
100 20
200 10
3 2
100 10
100 10
100 10
4 2
9 3
7 1
10 1
8 4
4 1
24013 2526
280780 13
22923 2261
25193 2475
4 3
435765 208392
141103 643572
115329 787399
952845 95304
4 3
329637 608861
110250 437856
868719 125056
927413 953422
8 3
635123 421440
468486 219289
889760 668972
745950 882834
83987 57888
580476 797607
803284 871596
885277 285528
10 3
910502 171834
356798 454379
82 205418
827034 240010
79347 378274
168424 65202
396637 57861
316602 561434
138952 283878
124550 249635
9 4
212224 18
22505 2485
28403 2264
23274 2407
24633 2594
28714 2470
23271 2689
29916 2753
231697 47
10 6
469546 204958
990205 671592
742361 989468
29731 754642
744411 731530
676735 418941
960840 731556
281767 107846
228052 425365
356309 379211
6 4
177156 91698
84303 192696
540792 30039
427924 37962
867132 18734
28971 560728
9 2
3277 350377
3529 356421
3707 343658
3182 361714
3841 312273
18209 24
15407 81
3342 396849
3754 307132
7 1
21490 2923
282469 13
228365 71
25390 2555
23317 2169
24077 2116
28962 2369
4 2
154126 491160
296347 664060
628384 551994
763341 769494
4 1
552020 721351
275860 455092
456738 507863
591504 562325
7 5
865274 506125
200279 464507
390514 973043
921811 660995
395610 559786
818419 89906
461041 611139
8 5
3375 340291
3579 387227
3443 314038
3749 331005
16796 2
19940 78
3376 347963
3251 397241
9 5
17794 453492
20026 402948
15903 507416
41769 193192
129642 62244
33592 240219
27183 296856
18696 431613
11934 676172
7 4
11067 556776
588411 10472
87172 70686
7548 816354
12958 475524
11594 531468
55352 111321
9 6
425266 135802
491420 782475
946623 721898
613731 514903
504340 947777
923563 527268
352083 648880
746489 759966
550126 50342
8 3
251899 58
25769 2674
25438 2023
25201 2583
23108 2114
29671 2313
23313 2253
257979 52
2 2
11868 964782
111321 102856
9 5
377787 130118
324085 151679
213437 230311
588522 83526
417486 117745
102672 478776
53707 915279
88317 556596
315829 155644
10 6
640584 24123
17028 907494
49364 313038
604996 25542
95976 161007
380808 40579
322014 47988
192984 80073
269739 57288
444276 34782
2 1
254977 82
24430 2205
5 1
3164 347882
18439 46
3199 334344
19538 79
3404 369433
3 2
10358 95
3805 343275
3634 338408
9 5
12236 285714
796536 4389
154882 22572
79002 44252
129789 26936
673992 5187
31464 111111
3933 888888
511784 6831
8 6
7951 92094
190526 592583
293440 726203
648444 454114
50371 744634
245045 365296
616888 273706
773056 711896
8 6
104708 615518
287301 224328
121883 528783
608814 105861
103591 622155
349332 184494
150590 427981
102381 629508
2 1
183638 720109
784258 877695
10 2
28427 2060
244543 50
28692 2864
20086 2407
26351 2532
288509 89
24057 2416
29182 2797
239271 20
24105 2011
6 1
3398 391495
3631 371785
3843 388836
3188 378783
10854 10
11722 47
10 5
500983 972947
199316 42267
924495 166277
203823 721974
398297 883512
940272 619010
554248 699998
852141 514078
96382 645967
28081 940184
5 1
29722 2007
208525 24
29081 2733
28809 2247
208730 98
7 4
52836 74646
475524 8294
21924 179894
130152 30303
6264 629629
570024 6919
12987 303688
2 1
415029 92964
469154 82239
9 2
3919 304019
3291 322554
3965 322916
3126 308366
3968 393554
18306 43
3535 304386
3506 394170
14974 23
10 7
3458 395291
3329 382899
3007 304120
3513 300257
3215 305844
3278 310761
12109 23
11271 20
3418 342989
11396 31
9 6
539891 948766
428653 485727
923011 956744
868923 254710
764249 211353
373868 307194
898816 975994
56519 72817
509704 953970
2 1
180843 435177
232406 338626
7 3
3712 399176
12034 53
3317 361359
3219 313970
10815 28
3298 332624
3061 356046
4 2
3618 361230
16276 65
3644 381546
3169 315789
2 1
26168 2222
226004 63
3 1
312409 170234
63198 841524
62572 849943
4 1
750445 72987
365539 149841
105490 519222
207544 263909
8 5
3059 322824
3606 318712
12926 68
3346 311362
3200 315028
3252 352067
17750 1
3319 308170
9 6
24328 2692
24406 2205
203893 25
283147 6
27622 2361
21042 2251
24643 2908
20499 2697
25413 2650
8 4
552225 164665
495678 183450
216585 419845
177598 512011
320311 283887
343481 264737
109235 832445
847299 107320
8 2
713264 128666
601718 152518
257332 356632
196728 466496
274341 334521
402068 228252
901156 101839
122293 750434
3 1
192552 243791
271730 172754
894244 52494
2 1
24284 2442
225404 51
8 5
13468 232254
24024 130203
98124 31878
539682 5796
4329 722568
629629 4968
13986 223652
159137 19656
4 3
159277 235573
56057 669343
222610 168552
271210 138348
6 2
3945 362660
3073 359015
17895 71
14347 23
3864 300711
3448 365163
9 5
34188 291798
12987 768152
895752 11137
774774 12876
13416 743589
109736 90909
387387 25752
126984 78561
713284 13986
6 4
570024 26381
27972 537602
25116 598734
195286 77004
30969 485576
34776 432419
6 3
27748 2349
28435 2919
222751 82
268383 52
28684 2380
21366 2633
5 3
15428 681318
340659 30856
278388 37758
102486 102564
550449 19096
5 2
24096 2402
28718 2501
202415 10
26010 2787
262196 46
9 2
26050 2472
28375 2101
21094 2309
27554 2573
23406 2180
294560 85
29810 2092
273704 27
20921 2999
5 2
529933 907074
86992 278461
9932 148917
164485 995176
10667 552587
3 1
33303 796211
326820 233732
424368 82902
9 5
833612 4158
966042 3588
111826 30996
6273 552552
75768 45747
644028 5382
10626 326196
31416 110331
49266 70356
4 2
11171 57
3453 351169
3366 397071
3832 369783
6 2
3819 340904
13283 69
3203 372323
18665 84
3066 337614
3665 311679
8 4
849674 833127
990180 41016
433660 648761
570109 858452
307236 901091
313405 447228
708604 464645
556166 327954
2 1
514293 967204
243467 643685
7 5
909523 211492
411637 347478
155381 163613
627282 483077
290905 146620
808894 648185
663210 826617
5 1
103737 630609
404101 161884
166935 391874
448575 145834
143905 454588
10 3
23358 2972
20666 2590
23030 2351
20940 2921
22204 2839
292933 4
210922 9
20438 2726
204671 38
28614 2872
6 2
3981 355734
13163 24
17328 80
3051 324055
3779 349779
3957 341830
2 2
27434 867132
34452 690494
6 4
173604 18018
3861 810152
15708 199134
70686 44252
11592 269841
47656 65637
3 2
76580 133555
460933 22189
142932 71556
10 10
1000000 1000000
1000000 1000000
1000000 1000000
1000000 1000000
1000000 1000000
1000000 1000000
1000000 1000000
1000000 1000000
1000000 1000000
1000000 1000000
5 3
25897 2152
23511 2131
26412 2677
216138 14
210358 50
5 3
828828 9102
18216 414141
23828 316602
18648 404547
10332 730158
4 2
3460 357978
12588 1
3483 304922
3415 338763
10 4
483813 831028
183562 915486
813511 439981
739569 391044
495445 539229
713480 804050
932276 970100
992341 973948
110243 419608
691023 2235
2 1
44493 723516
466860 68953
1 1
1 1
5 2
49614 873000
907079 47750
114690 377653
48567 891820
774678 55911
10 3
19629 46
3540 371855
16956 4
3739 327905
3820 346946
3350 333888
3916 327659
3188 357310
13579 48
3511 320623
2 2
599256 147963
256824 345247
8 5
16926 577116
49266 198276
678776 14391
20553 475272
18122 539028
37944 257439
11284 865674
14229 686504
3 2
506583 22632
448868 25542
118818 96492
4 1
3264 319684
3863 383214
3633 356358
16824 75
9 6
28280 2758
28188 2558
217083 61
27128 2371
290710 84
24437 2813
26238 2891
28418 2751
25082 2308
4 2
500142 620012
261571 796136
396260 73106
774449 332899
7 2
704348 64415
61705 735282
69102 656574
800483 56679
177625 255429
496081 91458
258157 175748
10 7
3978 394746
12470 99
3622 391728
3993 342822
16669 84
18286 17
3974 360782
3758 309129
3524 377762
4000 321035
9 5
36828 331702
47386 257796
205282 59508
53592 227943
42408 288057
32364 377454
53922 226548
109736 111321
137256 89001
10 6
225627 51
232254 99
285270 20
23195 2146
23220 2008
29805 2500
25283 2515
29576 2121
25827 2420
26325 2946
10 5
265701 33
264424 44
22391 2110
245034 42
24233 2990
25930 2598
24976 2898
26664 2269
23474 2171
22434 2364
3 2
830552 77639
162264 397397
745066 86547
9 5
801492 64753
301849 171937
110067 471522
79024 656750
396091 131028
359663 144299
81400 637580
239859 216373
569649 91107
3 1
736051 66402
90621 539337
575091 84987
3 1
17145 42
3952 356502
3370 377267
