100
2 1
100 20
200 10
2 2
100 20
200 10
3 2
100 10
100 10
100 10
4 2
9 3
7 1
10 1
8 4
7 4
3173 317458
3731 377723
3110 322158
3806 383053
3356 370379
19273 85
13514 10
10 3
254751 73
27952 2420
22840 2559
20572 2167
296002 1
296128 69
27255 2457
29184 2351
24961 2139
21949 2405
6 2
384598 696198
641368 312347
991741 936565
241423 354058
648571 494823
301175 913086
7 5
394948 337608
796324 296244
770175 351824
879455 763392
969241 591003
330462 412332
113446 127203
2 2
66584 206739
42804 321594
6 3
546253 90382
413565 637442
541548 574879
283420 296970
91100 242510
987169 259402
7 4
17586 62
16014 31
3954 392708
3257 333316
3452 383403
3407 335714
3313 337574
6 4
152076 60606
59508 154882
728364 12654
20358 452732
13338 691012
401128 22977
8 3
575584 168805
368933 263358
105046 924942
172907 561929
288816 336413
244547 397312
290466 334502
958559 101362
7 1
22978 2884
219643 39
27960 2386
23319 2569
20288 2819
203332 79
28090 2218
8 2
3420 350536
14099 55
3631 308432
3982 355371
3665 350745
3241 346894
10241 97
3369 344418
8 6
983559 957202
792353 236406
971623 380888
90472 473012
879657 75715
698193 566314
298355 508220
952528 20623
5 3
3233 376966
3067 309967
19007 90
13051 82
3836 301848
4 2
80075 763154
144409 423170
782964 78049
137492 444459
6 4
556776 10353
112404 51282
145464 39627
17612 327294
202797 28424
29304 196707
7 4
5928 880803
5859 891176
14364 363506
428792 12177
66092 79002
38874 134316
101556 51414
10 2
12652 84
3879 339520
17271 96
3909 383906
3008 349723
3649 306596
17511 71
3189 353968
3575 351726
3828 306499
6 3
24603 2564
238445 2
204470 97
23249 2739
25671 2137
25324 2551
2 1
101315 621284
543537 115807
2 1
294600 31
29029 2602
5 3
21483 2376
20901 2550
297402 1
238654 90
28104 2693
3 2
26796 220662
31668 186714
168084 35178
7 4
428771 343486
322915 45222
368533 527490
837523 138310
627582 908015
257765 1307
194314 728439
3 2
3953 324800
18194 74
3356 364544
4 3
151504 407439
343605 179650
136263 453011
208184 296510
5 2
330909 835783
533271 61057
877747 566168
780468 566401
537395 252148
7 4
285735 77
22685 2730
21690 2507
20632 2364
26622 2327
22831 2176
266370 8
6 1
248263 41
24529 2030
23510 2136
21405 2457
284512 92
25699 2357
5 3
9108 828282
764568 9867
89544 84249
134849 55944
7722 976948
7 2
18618 9
15356 85
3695 349281
3606 388849
3827 344786
3488 310616
3478 320244
10 4
269547 14
26739 2051
287566 70
26763 2388
26887 2661
21664 2651
22792 2506
238366 75
24028 2713
22708 2332
7 3
12409 30
3464 394300
3969 318590
3345 308599
3105 305355
12837 99
3096 378711
9 6
22451 2778
26854 2742
21234 2831
270500 13
236947 2
21640 2086
21990 2766
29735 2507
22418 2777
4 2
419055 611803
177353 268867
362562 779370
443192 988838
1 1
1 1
3 2
18648 211497
29029 135864
10962 359788
4 2
243178 361258
618363 901729
326031 895622
406789 70028
9 3
960169 45031
731914 533008
174337 161604
643671 683934
117417 361999
10030 47298
372506 856428
151539 358342
432834 107189
3 1
253830 94
24753 2513
26063 2559
10 7
961789 95800
836718 110120
220709 417470
95800 961789
258573 356338
782002 117825
357333 257853
841740 109463
118115 780082
567525 162353
8 5
856950 102332
597452 146779
970253 90382
125272 700024
430784 203567
363784 241059
648083 135312
165129 531060
7 4
15939 243048
8008 483759
10764 359898
50922 76076
28413 136344
4428 874874
280071 13832
8 3
22506 2813
21052 2072
21616 2862
265650 57
21175 2417
214531 41
22265 2919
20978 2847
2 1
841600 287455
726390 512093
4 3
152334 17204
188232 13923
67704 38709
8372 313038
6 2
359781 121622
801621 54586
46183 947476
57386 762508
349689 125132
105358 415320
7 4
964251 586702
517782 152439
285675 367639
541441 824298
610247 588364
108609 237607
459293 956428
3 2
234537 81
28905 2042
24313 2203
3 1
270410 311852
770731 198367
877468 489985
2 1
634204 80559
346743 399292
2 1
3209 300578
14272 70
8 5
10626 594828
79212 79794
145222 43524
319176 19803
16744 377487
404547 15624
68634 92092
220662 28644
9 5
504252 109306
85608 643839
65016 847757
643839 85608
331731 166152
380808 144739
558279 98728
246123 223944
83076 663462
3 1
27787 2408
29085 2867
248890 61
5 3
586520 825913
732588 564993
154028 864436
121964 775459
107627 519121
2 2
444276 81282
263097 137256
6 4
759288 56789
73325 588056
74723 577054
690095 62483
251443 171487
204909 210431
2 2
503874 72964
855848 42957
2 1
3485 348559
10813 19
8 3
3621 340461
18920 89
16382 76
3617 395740
3702 384901
3006 329914
3916 356790
3713 337717
7 1
17518 767009
563633 533399
918380 361413
29919 619584
857967 66332
652257 483580
691581 577347
7 2
866595 52780
201845 226604
240788 189955
96616 473409
228312 200335
380071 120343
73567 621731
9 5
200564 85914
583596 29526
80808 213237
658008 26187
23142 744588
23693 727272
28728 599807
502164 34314
40404 426474
6 2
23601 715554
233809 72229
490810 34408
201826 83675
488510 34570
119259 141606
8 3
278218 177029
73229 672584
356160 138288
139537 352972
68973 714086
462640 106460
70876 694913
50880 968016
4 3
136961 547719
462389 162236
405405 185040
651391 115163
6 1
3176 358594
3584 310165
3116 380529
10873 12
3951 311011
10481 71
4 2
3767 361655
3301 357074
12267 58
3592 355272
6 1
111165 807626
220353 407436
164800 544780
297217 302068
95172 943342
189139 474676
7 4
3783 364323
18130 42
3953 303570
3127 313319
16594 84
3589 354555
3908 308241
3 1
447777 497879
619693 379505
106 386069
3 1
841934 78909
715907 405292
857605 588404
2 1
294759 81
24750 2243
5 1
588221 672772
755066 226485
781275 566250
767729 70805
14160 686217
2 1
287272 18
28683 2381
8 5
20196 316274
32718 195228
42066 151844
103037 61992
706266 9044
43384 147231
316008 20213
181917 35112
5 2
560958 952650
763970 137290
262517 376211
999413 252434
934255 871710
9 5
208278 91676
81016 235683
22591 845208
416556 45838
23142 825084
68628 278226
211302 90364
28728 664651
43624 437697
5 2
234367 55
28250 2459
24071 2708
21141 2890
251913 36
6 3
122352 521208
374431 170314
282592 225664
299023 213264
441963 144290
246076 259151
5 1
800042 88585
117965 600786
729711 97123
106587 664919
744146 95239
3 2
20332 294462
43911 136344
208403 28728
9 5
305877 8568
486948 5382
4554 575484
327267 8008
11781 222456
59202 44268
2652 988218
7038 372372
4692 558558
3 2
59508 152306
17388 521246
504252 17974
5 2
24148 2296
233058 77
23683 2124
238464 17
26553 2213
7 5
187975 380171
209399 341275
787936 90696
92168 775352
135063 529106
182453 391677
94196 758659
5 3
476870 110293
68990 762363
181673 289506
374326 140507
145789 360764
2 1
15534 69
3218 356367
4 3
25663 2947
299696 83
20462 2850
29786 2060
8 3
15012 93
17648 7
3802 305742
3121 311069
3075 388926
3341 334890
3055 315214
3286 395884
9 5
115236 692407
828817 96270
338193 235931
158253 504194
324485 245898
110857 719758
94545 843939
152803 522177
934629 85371
10 3
39065 256625
181587 55208
46019 217846
253587 39533
16361 612741
15352 653013
741553 13519
191464 52360
50916 196894
207292 48362
6 4
3485 324712
3564 333561
13016 88
3487 307628
3115 344478
14836 35
8 2
16989 7
3988 371530
3181 346613
3440 307377
3510 327266
16437 82
3796 353272
3355 322071
8 3
18735 36
3526 358905
18130 62
3782 337177
3642 336685
3634 378373
3884 395397
3465 387994
10 10
1000000 1000000
1000000 1000000
1000000 1000000
1000000 1000000
1000000 1000000
1000000 1000000
1000000 1000000
1000000 1000000
1000000 1000000
1000000 1000000
